10000155
10000182
10000183
10000184
10000185
10000186
10000187
10000188
10000189
10000190
10000191
10000202
10000203
10000204
10000205
10000206
10000207
10000208
10000209
10000210
10000211
10000212
10000213
10000214
10000215
10000216
10000217
10000218
10000219
10000220
10000221
10000222
10000223
10000234
10000235
10000236
10000238
10000239
10000241
10000242
10000243
10000244
10000245
10000246
10000247
10000248
10000249
10000250
10000251
10000252
10000253
10000254
10000255
10000256
10000257
10000258
10000259
10000260
10000261
10000262
10000263
10000264
10000265
10000266
10000267
10000268
10000269
10000270
10000271
10000272
10000273
10000274
10000275
10000276
10000277
10000278
10000279
10000280
10000281
10000282
10000283
10000284
10000286
10000287
10000288
10000289
10000290
10000291
10000292
10000293
10000294
10000295
10000296
10000297
10000298
10000299
10000300
10000301
10000302
10000303
10000304
10000305
10000306
10000307
10000308
10000309
10000310
10000311
10000312
10000313
10000314
10000315
10000316
10000317
10000318
10000319
10000320
10000321
10000322
10000323
10000324
10000325
10000326
10000327
10000328
10000329
10000330
10000331
10000332
10000333
10000334
10000335
10000336
10000337
10000338
10000339
10000340
10000341
10000342
10000343
10000344
10000345
10000346
10000347
10000348
10000349
10000350
10000351
10000352
10000353
10000354
10000355
10000356
10000357
10000358
10000359
10000360
10000361
10000362
10000363
10000364
10000365
10000366
10000367
10000368
10000369
10000370
10000371
10000373
10000374
10000375
10000376
10000377
10000378
10000379
10000380
10000381
10000382
10000383
10000384
10000385
10000386
10000387
10000388
10000389
10000390
10000391
10000392
10000393
10000394
10000395
10000396
10000397
10000398
10000400
10000401
10000402
10000403
10000404
10000405
10000406
10000407
10000408
10000409
10000410
10000411
10000412
10000413
10000414
10000415
10000416
10000417
10000418
10000419
10000420
10000421
10000422
10000423
10000424
10000425
10000426
10000427
10000428
10000429
10000430
10000431
10000433
10000434
10000435
10000436
10000437
10000438
10000439
10000440
10000441
10000442
10000443
10000444
10000445
10000446
10000447
10000448
10000449
10000450
10000451
10000452
10000453
10000454
10000455
10000456
10000457
10000458
10000459
10000460
10000461
10000462
10000463
10000464
10000465
10000466
10000467
10000468
10000469
10000470
10000471
10000472
10000473
10000474
10000475
10000476
10000477
10000478
10000479
10000480
10000481
10000482
10000483
10000484
10000485
10000486
10000487
10000488
10000489
10000490
10000491
10000492
10000493
10000494
10000495
10000496
10000497
10000498
10000499
10000500
10000501
10000502
10000503
10000504
10000505
10000506
10000508
10000509
10000510
10000511
10000512
10000513
10000514
10000515
10000517
10000518
10000519
10000520
10000521
10000522
10000523
10000524
10000525
10000526
10000527
10000528
10000529
10000530
10000531
10000532
10000533
10000534
10000535
10000536
10000537
10000538
10000539
10000540
10000541
10000542
10000543
10000544
10000545
10000546
10000547
10000548
10000549
10000550
10000551
10000552
10000553
10000554
10000555
10000556
10000557
10000558
10000559
10000560
10000561
10000562
10000563
10000564
10000565
10000566
10000570
10000572
10000573
10000579
10000590
10000591
10000592
10000593
10000594
10000595
10000596
10000597
10000598
10000599
10000600
10000601
10000602
10000603
10000605
10000606
10000607
10000608
10000609
10000610
10000611
10000612
10000613
10000614
10000615
10000616
10000617
10000618
10000619
10000620
10000621
10000622
10000623
10000624
10000625
10000626
10000627
10000628
10000629
10000631
10000632
10000633
10000634
10000636
10000637
10000638
10000641
10000642
10000644
10000645
10000646
10000647
10000648
10000649
10000650
10000651
10000652
10000653
10000654
10000655
10000656
10000657
10000658
10000659
10000660
10000661
10000662
10000664
10000665
10000666
10000667
10000668
10000669
10000672
10000673
10000674
10000675
10000676
10000677
10000680
10000681
10000682
10000683
10000684
10000686
10000687
10000688
10000689
10000690
10000691
10000692
10000693
10000694
10000695
10000696
10000697
10000698
10000699
10000700
10000702
10000703
10000704
10000705
10000706
10000707
10000708
10000709
10000710
10000712
10000713
10000714
10000715
10000716
10000717
10000718
10000719
10000720
10000722
10000723
10000724
10000725
10000726
10000727
10000728
10000729
10000730
10000731
10000732
10000733
10000734
10000735
10000736
10000738
10000739
10000740
10000741
10000742
10000743
10000744
10000745
10000746
10000747
10000749
10000750
10000751
10000752
10000753
10000754
10000755
10000756
10000757
10000758
10000759
10000760
10000761
10000763
10000764
10000765
10000766
10000767
10000768
10000769
10000770
10000771
10000772
10000773
10000774
10000775
10000776
10000777
10000778
10000779
10000780
10000781
10000782
10000783
10000784
10000785
10000786
10000787
10000788
10000789
10000790
10000791
10000792
10000793
10000794
10000795
10000796
10000797
10000798
10000799
10000800
10000801
10000802
10000803
10000804
10000805
10000806
10000807
10000808
10000809
10000810
10000811
10000812
10000813
10000814
10000815
10000816
10000817
10000818
10000819
10000820
10000821
10000822
10000823
10000824
10000825
10000826
10000828
10000829
10000830
10000831
10000832
10000833
10000834
10000835
10000836
10000837
10000838
10000839
10000841
10000842
10000843
10000844
10000845
10000846
10000847
10000848
10000849
10000851
10000852
10000853
10000855
10000856
10000857
10000858
10000859
10000860
10000861
10000862
10000863
10000864
10000865
10000866
10000867
10000868
10000869
10000870
10000871
10000872
10000873
10000874
10000875
10000876
10000877
10000878
10000879
10000880
10000881
10000882
10000883
10000884
10000885
10000886
10000887
10000888
10000889
10000890
10000891
10000892
10000893
10000894
10000895
10000896
10000897
10000899
10000900
10000901
10000902
10000903
10000904
10000905
10000906
10000907
10000908
10000909
10000910
10000911
10000912
10000913
10000914
10000915
10000916
10000917
10000918
10000919
10000920
10000921
10000922
10000923
10000924
10000926
10000927
10000928
10000929
10000930
10000931
10000932
10000933
10000934
10000935
10000936
10000937
10000938
10000939
10000940
10000941
10000942
10000943
10000944
10000945
10000946
10000947
10000948
10000949
10000950
10000951
10000952
10000954
10000955
10000957
10000958
10000959
10000960
10000961
10000962
10000963
10000964
10000965
10000966
10000967
10000968
10000969
10000970
10000971
10000972
10000973
10000974
10000975
10000977
10000978
10000979
10000981
10000983
10000984
10000985
10000986
10000987
10000988
10000989
10000990
10000991
10000992
10000993
10000994
10000996
10000997
10000998
10000999
10001000
10001001
10001002
10001003
10001004
10001005
10001006
10001007
10001009
10001010
10001011
10001012
10001013
10001014
10001015
10001016
10001018
10001019
10001020
10001021
10001022
10001024
10001025
10001026
10001027
10001028
10001030
10001031
10001032
10001033
10001034
10001035
10001036
10001037
10001038
10001039
10001040
10001041
10001042
10001043
10001044
10001046
10001047
10001048
10001049
10001050
10001051
10001052
10001053
10001054
10001056
10001057
10001058
10001059
10001060
10001061
10001062
10001063
10001064
10001065
10001066
10001069
10001070
10001071
10001075
10001076
10001077
10001078
10001079
10001080
10001081
10001082
10001083
10001085
10001086
10001087
10001088
10001089
10001090
10001091
10001092
10001093
10001094
10001095
10001096
10001097
10001098
10001099
10001101
10001102
10001103
10001104
10001105
10001106
10001107
10001108
10001109
10001111
10001112
10001113
10001114
10001115
10001116
10001117
10001118
10001120
10001121
10001122
10001123
10001125
10001126
10001127
10001128
10001129
10001130
10001131
10001132
10001133
10001134
10001135
10001136
10001137
10001138
10001139
10001140
10001141
10001143
10001144
10001145
10001146
10001147
10001148
10001149
10001150
10001151
10001152
10001153
10001154
10001155
10001156
10001157
10001158
10001159
10001160
10001161
10001162
10001163
10001164
10001165
10001166
10001167
10001168
10001169
10001170
10001171
10001172
10001173
10001174
10001175
10001176
10001177
10001178
10001179
10001180
10001181
10001182
10001183
10001184
10001185
10001186
10001187
10001188
10001189
10001190
10001191
10001192
10001193
10001194
10001195
10001196
10001197
10001198
10001199
10001200
10001201
10001202
10001203
10001204
10001205
10001206
10001207
10001209
10001210
10001211
10001212
10001213
10001214
10001215
10001216
10001217
10001218
10001219
10001220
10001221
10001222
10001223
10001224
10001225
10001226
10001227
10001228
10001229
10001230
10001231
10001232
10001233
10001234
10001237
10001238
10001239
10001242
10001243
10001244
10001245
10001246
10001247
10001251
10001252
10001257
10001259
10001260
10001261
10001262
10001264
10001265
10001266
10001267
10001268
10001269
10001270
10001271
10001272
10001273
10001274
10001275
10001276
10001277
10001278
10001279
10001280
10001281
10001282
10001283
10001284
10001285
10001286
10001287
10001288
10001289
10001290
10001291
10001292
10001293
10001294
10001295
10001296
10001297
10001298
10001299
10001300
10001301
10001302
10001303
10001304
10001305
10001307
10001308
10001309
10001310
10001311
10001312
10001313
10001314
10001315
10001317
10001318
10001319
10001320
10001321
10001322
10001323
10001324
10001325
10001326
10001327
10001328
10001329
10001330
10001331
10001332
10001333
10001334
10001335
10001336
10001337
10001338
10001339
10001340
10001341
10001342
10001345
10001346
10001349
10001350
10001351
10001356
10001357
10001358
10001359
10001360
10001361
10001362
10001363
10001364
10001365
10001366
10001367
10001368
10001369
10001370
10001371
10001372
10001373
10001374
10001375
10001377
10001378
10001379
10001380
10001381
10001382
10001383
10001384
10001385
10001386
10001387
10001388
10001389
10001390
10001391
10001392
10001393
10001394
10001395
10001396
10001397
10001398
10001399
10001400
10001401
10001402
10001403
10001404
10001405
10001406
10001407
10001408
10001409
10001410
10001411
10001412
10001413
10001414
10001415
10001417
10001418
10001419
10001420
10001424
10001425
10001426
10001427
10001430
10001431
10001432
10001433
10001434
10001435
10001436
10001437
10001438
10001439
10001440
10001441
10001442
10001443
10001445
10001446
10001447
10001448
10001449
10001450
10001451
10001452
10001912
10002135
10002328
10002337
10002601
10002602
10002603
80000012
80000073
80000074
80001067
80001068
80001069
80001097
80001121
80001122
80001220
80001483
80001596
80001597
80001600
80004638
80004767
80008461
80009873
80010235
80010371
80011864
80013381
80014763
80015935
80017407
80021896
80023450
80023479
80024432
80026133
80026704
80026722
80026826
80027093
80027142
80027169
80027569
80028474
80028642
80029160
80030373
80030824
80031426
80031883
80036316
80037204
80037760
80037959
80039912
80042613
80044305
80044949
80045209
80046481
80050100
80050642
80050806
80051631
80051632
80052175
80053487
80054769
80055149
80055229
80055445
80055738
80055867
80055878
80056396
80056980
80057519
80061479
80062383
80062991
80064133
80064300
80064605
80065048
80065399
80065439
80069638
80069666
80070519
80071741
80073384
80074501
80075122
80077066
80077575
80077923
80078055
80078075
80078985
80079598
80079724
80079946
80079947
80079948
80079949
80080091
80080116
80080212
80080274
80080278
80080282
80080284
80080285
80080317
80080318
80080320
80080322
80080324
80080326
80080328
80080330
80080331
80080333
80080335
80080336
80080338
80080339
80080341
80080342
80080347
80080360
80080362
80080427
80080428
80081998
80082000
80082022
80082028
80083409
80083727
80084025
80084082
80084553
80084554
80084628
80084629
80084823
80086107
80086108
80086172
80086243
80086471
80087027
80087143
80087440
80087787
80087788
80087903
80087904
80088005
80088182
80088239
80088240
80088472
80088473
80088502
80088507
80088743
80089023
80089191
80089457
80089458
80089459
80089642
80089643
80089817
80089818
80089992
80089993
80090021
80090023
80090103
80090651
80091162
80091289
80091291
80091393
80091747
80091784
80091854
80092070
80092271
80092272
80092336
80092891
80093127
80093214
80093215
80093802
80093878
80094353
80094704
80094705
80094785
80094865
80095236
80095245
80095559
80095782
80095868
80095926
80096519
80097168
80097364
80097448
80097449
80097526
80097527
80097596
80097599
80097617
80097618
80097728
80097729
80097739
80097812
80097845
80097846
80097959
80098077
80098078
80098079
80098080
80098199
80098200
80098336
80098337
80098551
80098683
80099551
80099700
80099754
80100082
80100214
80100248
80100300
80100301
80100356
80100418
80100662
80100663
80100687
80101418
80101504
80101573
80101574
80101673
80102164
80102585
80102731
80102896
80103120
80103301
80103493
80103634
80103915
80104000
80104110
80104414
80104753
80105334
80105581
80106462
80106614
80106615
80106616
80106735
80107296
80107829
80107841
80107842
80108579
80109050
80109283
80113281
80113282
80113665
80113666
80113667
80113793
80114067
80114246
80114294
80114295
80114477
80114585
80114586
80114646
80114839
80114923
80114924
80114925
80115386
80115430
80115431
80115432
80115698
80115700
80115806
80116121
80116262
80116270
80116560
80116563
80116565
80116848
80119448
80120136
80120140
80120315
80120948
80121592
80121593
80121959
80121960
80122387
80122399
80122400
80122583
80122591
80122990
80123304
80123305
80123306
80123425
80123610
80123611
80124052
80124453
80124550
80124977
80125436
80125552
80125630
80125874
80126081
80126848
80127100
80127289
80127750
80127940
80128182
80132171
80132651
80133036
80133134
80133187
80133329
80133514
80133515
80133516
80133632
80133633
80133634
80133635
80133637
80133638
80133639
80133643
80133646
80133649
80133650
80133654
80133659
80133661
80133692
80133693
80133694
80133695
80133697
80133702
80133704
80133706
80133710
80133712
80133713
80133714
80133721
80133723
80133738
80133811
80133880
80133955
80133972
80134028
80134100
80134191
80134323
80134324
80134336
80134337
80134455
80134468
80134470
80134478
80134484
80134485
80134591
80134602
80134603
80134627
80134628
80134698
80134716
80134734
80134735
80135461
80135462
80135507
80135616
80135617
80135626
80135888
80135984
80135985
80136338
80136801
80136802
80137997
80137998
80138231
80138232
80138237
80138238
80138277
80138279
80138681
80138725
80138851
80138986
80138987
80138988
80138989
80139142
80139143
80139200
80139208
80139209
80139393
80139413
80139414
80139415
80139416
80139417
80139444
80139445
80139446
80139607
80139648
80139697
80139824
80139907
80139912
80139913
80139914
80140174
80140176
80140381
80140622
80140623
80140708
80140945
80141021
80141489
80141490
80142622
80142880
80142882
80143236
